ahgt=5.5;
ahgtm=5.5;
plat=-41.050072516123450;%48.546194999781440;
plon=1.459148485435318e+02;%-1.230076100001772e+02;
azi_low=50; %70 % 50
azi_high=180; %180 % 140
elv_low=3; %5
elv_high=10; % 13
dt=30;
prec1=0.001;
prec2=0.001;
ahgt_bounds=3;
elvlims=1;% 1 always
staxyz=[-3989419.9359,2699532.8100,-4166620.9367];
seasfc_rough=0.21;
resln=0.25;
antenna_mod='LEIAT504GG';
    radome_mod='NONE';