ahgt=10.4; % 10.4 is the one
plat=43.39523900;
plon=-1.68162300;
azi_low=155; % 140 or 155
azi_high=240; % 240
%azi_mask=[120 130];
elv_low=3;
elv_high=10;
dt=15;
prec1=0.001;
prec2=0.001;
ahgt_bounds=4;
elvlims=1;% 1 always
staxyz=[4639940.8720,-136225.4800,4359552.0140];
seasfc_rough=0.21;
resln=0.05;
antenna_mod='TRM55971.00';
radome_mod='NONE';