ahgt=4;
ahgtm=4;
plat=-42.546446075721839;%48.546194999781440;
plon=1.479308471924361e+02;%-1.230076100001772e+02;
azi_low=280; %55
azi_high=360; % 210
elv_low=1; %5
elv_high=7; % 13
dt=15;
prec1=0.001;
prec2=0.001;
ahgt_bounds=3;
elvlims=1;% 1 always
staxyz=[-3989419.9359,2699532.8100,-4166620.9367];
seasfc_rough=0.18;
resln=0.25;
antenna_mod='LEIAT504GG';
    radome_mod='NONE';